observedgzz.grd
DSAA
20 20
-475 475
-475 475
-95.6568 95.6568
  -6.5430822e-01  -6.9224909e-01  -7.1572977e-01  -7.1991200e-01  -7.0075668e-01  -6.5563783e-01  -5.8371434e-01  -4.8605086e-01  -3.6560039e-01  -2.2713270e-01  -7.7050708e-02   7.7050708e-02   2.2713270e-01   3.6560039e-01   4.8605086e-01   5.8371434e-01   6.5563783e-01   7.0075668e-01   7.1991200e-01   7.1572977e-01
  -7.7490854e-01  -8.2290269e-01  -8.5154158e-01  -8.5457552e-01  -8.2760427e-01  -7.6889516e-01  -6.7934993e-01  -5.6181458e-01  -4.2040102e-01  -2.6033472e-01  -8.8183263e-02   8.8183263e-02   2.6033472e-01   4.2040102e-01   5.6181458e-01   6.7934993e-01   7.6889516e-01   8.2760427e-01   8.5457552e-01   8.5154158e-01
  -9.0281505e-01  -9.5630548e-01  -9.8088661e-01  -9.6856273e-01  -9.1629510e-01  -8.2729291e-01  -7.0934436e-01  -5.7105154e-01  -4.1872183e-01  -2.5606351e-01  -8.6248050e-02   8.6248050e-02   2.5606351e-01   4.1872183e-01   5.7105154e-01   7.0934436e-01   8.2729291e-01   9.1629510e-01   9.6856273e-01   9.8088661e-01
  -1.0263699e+00  -1.0707865e+00  -1.0648719e+00  -9.9735426e-01  -8.7083697e-01  -7.0517810e-01  -5.3061767e-01  -3.7341727e-01  -2.4446498e-01  -1.3888617e-01  -4.5267894e-02   4.5267894e-02   1.3888617e-01   2.4446498e-01   3.7341727e-01   5.3061767e-01   7.0517810e-01   8.7083697e-01   9.9735426e-01   1.0648719e+00
  -1.1259527e+00  -1.1270451e+00  -1.0268188e+00  -8.0306428e-01  -4.7191638e-01  -1.0196556e-01   2.0756730e-01   3.7729058e-01   3.8653895e-01   2.7289976e-01   9.6496938e-02  -9.6496938e-02  -2.7289976e-01  -3.8653895e-01  -3.7729058e-01  -2.0756730e-01   1.0196556e-01   4.7191638e-01   8.0306428e-01   1.0268188e+00
  -1.1743411e+00  -1.0643880e+00  -7.3242396e-01  -1.1254659e-01   7.6099564e-01   1.6857531e+00   2.3522180e+00   2.5220392e+00   2.1545625e+00   1.4013099e+00   4.7858144e-01  -4.7858144e-01  -1.4013099e+00  -2.1545625e+00  -2.5220392e+00  -2.3522180e+00  -1.6857531e+00  -7.6099564e-01   1.1254659e-01   7.3242396e-01
  -1.1434640e+00  -8.0979987e-01   1.4833392e-02   1.5593520e+00   3.8262990e+00   6.2642997e+00   7.9110638e+00   8.0629165e+00   6.6421951e+00   4.1741456e+00   1.3904008e+00  -1.3904008e+00  -4.1741456e+00  -6.6421951e+00  -8.0629165e+00  -7.9110638e+00  -6.2642997e+00  -3.8262990e+00  -1.5593520e+00  -1.4833392e-02
  -1.0216130e+00  -3.1895361e-01   1.4012243e+00   4.8783194e+00   1.0521373e+01   1.6967158e+01   2.1212677e+01   2.1327323e+01   1.7174858e+01   1.0346736e+01   3.3121426e+00  -3.3121426e+00  -1.0346736e+01  -1.7174858e+01  -2.1327323e+01  -2.1212677e+01  -1.6967158e+01  -1.0521373e+01  -4.8783194e+00  -1.4012243e+00
  -8.3692629e-01   3.4347710e-01   3.3536953e+00   1.0085404e+01   2.2531218e+01   3.7943451e+01   4.7843243e+01   4.7909388e+01   3.7931923e+01   2.1670532e+01   6.5585605e+00  -6.5585605e+00  -2.1670532e+01  -3.7931923e+01  -4.7909388e+01  -4.7843243e+01  -3.7943451e+01  -2.2531218e+01  -1.0085404e+01  -3.3536953e+00
  -6.6491731e-01   9.4794777e-01   5.2235015e+00   1.5523749e+01   3.6402794e+01   6.3696146e+01   8.0885389e+01   8.0909236e+01   6.3492281e+01   3.4923135e+01   1.0122008e+01  -1.0122008e+01  -3.4923135e+01  -6.3492281e+01  -8.0909236e+01  -8.0885389e+01  -6.3696146e+01  -3.6402794e+01  -1.5523749e+01  -5.2235015e+00
  -5.9421437e-01   1.1961649e+00   6.0102671e+00   1.7885387e+01   4.2546725e+01   7.5168197e+01   9.5649826e+01   9.5656758e+01   7.4886974e+01   4.0813971e+01   1.1695156e+01  -1.1695156e+01  -4.0813971e+01  -7.4886974e+01  -9.5656758e+01  -9.5649826e+01  -7.5168197e+01  -4.2546725e+01  -1.7885387e+01  -6.0102671e+00
  -6.6491731e-01   9.4794777e-01   5.2235015e+00   1.5523749e+01   3.6402794e+01   6.3696146e+01   8.0885389e+01   8.0909236e+01   6.3492281e+01   3.4923135e+01   1.0122008e+01  -1.0122008e+01  -3.4923135e+01  -6.3492281e+01  -8.0909236e+01  -8.0885389e+01  -6.3696146e+01  -3.6402794e+01  -1.5523749e+01  -5.2235015e+00
  -8.3692629e-01   3.4347710e-01   3.3536953e+00   1.0085404e+01   2.2531218e+01   3.7943451e+01   4.7843243e+01   4.7909388e+01   3.7931923e+01   2.1670532e+01   6.5585605e+00  -6.5585605e+00  -2.1670532e+01  -3.7931923e+01  -4.7909388e+01  -4.7843243e+01  -3.7943451e+01  -2.2531218e+01  -1.0085404e+01  -3.3536953e+00
  -1.0216130e+00  -3.1895361e-01   1.4012243e+00   4.8783194e+00   1.0521373e+01   1.6967158e+01   2.1212677e+01   2.1327323e+01   1.7174858e+01   1.0346736e+01   3.3121426e+00  -3.3121426e+00  -1.0346736e+01  -1.7174858e+01  -2.1327323e+01  -2.1212677e+01  -1.6967158e+01  -1.0521373e+01  -4.8783194e+00  -1.4012243e+00
  -1.1434640e+00  -8.0979987e-01   1.4833392e-02   1.5593520e+00   3.8262990e+00   6.2642997e+00   7.9110638e+00   8.0629165e+00   6.6421951e+00   4.1741456e+00   1.3904008e+00  -1.3904008e+00  -4.1741456e+00  -6.6421951e+00  -8.0629165e+00  -7.9110638e+00  -6.2642997e+00  -3.8262990e+00  -1.5593520e+00  -1.4833392e-02
  -1.1743411e+00  -1.0643880e+00  -7.3242396e-01  -1.1254659e-01   7.6099564e-01   1.6857531e+00   2.3522180e+00   2.5220392e+00   2.1545625e+00   1.4013099e+00   4.7858144e-01  -4.7858144e-01  -1.4013099e+00  -2.1545625e+00  -2.5220392e+00  -2.3522180e+00  -1.6857531e+00  -7.6099564e-01   1.1254659e-01   7.3242396e-01
  -1.1259527e+00  -1.1270451e+00  -1.0268188e+00  -8.0306428e-01  -4.7191638e-01  -1.0196556e-01   2.0756730e-01   3.7729058e-01   3.8653895e-01   2.7289976e-01   9.6496938e-02  -9.6496938e-02  -2.7289976e-01  -3.8653895e-01  -3.7729058e-01  -2.0756730e-01   1.0196556e-01   4.7191638e-01   8.0306428e-01   1.0268188e+00
  -1.0263699e+00  -1.0707865e+00  -1.0648719e+00  -9.9735426e-01  -8.7083697e-01  -7.0517810e-01  -5.3061767e-01  -3.7341727e-01  -2.4446498e-01  -1.3888617e-01  -4.5267894e-02   4.5267894e-02   1.3888617e-01   2.4446498e-01   3.7341727e-01   5.3061767e-01   7.0517810e-01   8.7083697e-01   9.9735426e-01   1.0648719e+00
  -9.0281505e-01  -9.5630548e-01  -9.8088661e-01  -9.6856273e-01  -9.1629510e-01  -8.2729291e-01  -7.0934436e-01  -5.7105154e-01  -4.1872183e-01  -2.5606351e-01  -8.6248050e-02   8.6248050e-02   2.5606351e-01   4.1872183e-01   5.7105154e-01   7.0934436e-01   8.2729291e-01   9.1629510e-01   9.6856273e-01   9.8088661e-01
  -7.7490854e-01  -8.2290269e-01  -8.5154158e-01  -8.5457552e-01  -8.2760427e-01  -7.6889516e-01  -6.7934993e-01  -5.6181458e-01  -4.2040102e-01  -2.6033472e-01  -8.8183263e-02   8.8183263e-02   2.6033472e-01   4.2040102e-01   5.6181458e-01   6.7934993e-01   7.6889516e-01   8.2760427e-01   8.5457552e-01   8.5154158e-01
